3334
3516
3543
5784
4258
4753
8883
5007
5466
4960
7486
3263
7261
7317
4537
6980
8362
4308
3935
6768
5776
7785
3414
7272
4006
3916
4828
8888
7984
6008
4564
8792
5057
5051
6753
4733
8020
4017
4096
3785
4740
4172
3774
5155
5300
4075
7391
6526
7619
4906
5675
8035
7733
4249
5949
4441
5502
3478
3694
6855
4935
6211
5459
3352
5690
6291
3927
6367
6199
7453
3552
5406
6820
6182
7070
4829
4169
8003
6715
3444
8324
7362
3536
5438
8593
7333
3047
5249
4344
7831
4876
7343
5753
7385
5646
8498
8977
8499
8345
7213
